name: 46W38
channels:
  - defaults
dependencies:
  - aom=3.6.0=hd77b12b_0
  - blas=1.0=mkl
  - brotli-python=1.0.9=py313h5da7b33_9
  - bzip2=1.0.8=h2bbff1b_6
  - ca-certificates=2025.9.9=haa95532_0
  - cairo=1.18.4=he9e932c_0
  - contourpy=1.3.1=py313h214f63a_0
  - cycler=0.11.0=pyhd3eb1b0_0
  - dav1d=1.2.1=h2bbff1b_0
  - expat=2.7.1=h8ddb27b_0
  - fontconfig=2.14.1=hb33846d_3
  - fonttools=4.59.2=py313h02ab6af_0
  - freeglut=3.4.0=h8a1e904_1
  - freetype=2.13.3=h0620614_0
  - fribidi=1.0.10=h62dcd97_0
  - graphite2=1.3.14=hd77b12b_1
  - harfbuzz=10.2.0=he2f9f60_1
  - icc_rt=2022.1.0=h6049295_2
  - icu=73.1=h6c2663c_0
  - intel-openmp=2025.0.0=haa95532_1164
  - jpeg=9f=ha349fce_0
  - kiwisolver=1.4.8=py313h5da7b33_0
  - krb5=1.20.1=h5b6d351_0
  - lcms2=2.16=h62be587_1
  - lerc=4.0.0=h5da7b33_0
  - libavif=1.1.1=h827c3e9_0
  - libclang=14.0.6=default_hb5a9fac_2
  - libclang13=14.0.6=default_h8e68704_2
  - libdeflate=1.22=h5bf469e_0
  - libffi=3.4.4=hd77b12b_1
  - libglib=2.84.2=h405b238_0
  - libiconv=1.16=h2bbff1b_3
  - libkrb5=1.21.3=h885b0b7_4
  - libmpdec=4.0.0=h827c3e9_0
  - libpng=1.6.39=h8cc25b3_0
  - libpq=17.4=h4a159e6_2
  - libtiff=4.7.0=h404307b_0
  - libwebp-base=1.3.2=h3d04722_1
  - libxml2=2.13.8=h866ff63_0
  - libzlib=1.3.1=h02ab6af_0
  - lz4-c=1.9.4=h2bbff1b_1
  - matplotlib=3.10.6=py313haa95532_0
  - matplotlib-base=3.10.6=py313h26e45b9_0
  - mkl=2025.0.0=h5da7b33_930
  - mkl-service=2.4.0=py313h827c3e9_3
  - mkl_fft=1.3.11=py313h5810407_1
  - mkl_random=1.2.8=py313hedd7022_1
  - numpy=2.3.3=py313h050da96_0
  - numpy-base=2.3.3=py313h1e017a8_0
  - openjpeg=2.5.2=h9b5d1b5_1
  - openssl=3.0.17=h35632f6_0
  - packaging=25.0=py313haa95532_0
  - pcre2=10.42=h0ff8eda_1
  - pillow=11.3.0=py313hb328d1f_0
  - pip=25.2=pyhc872135_0
  - pixman=0.46.4=h4043f72_0
  - ply=3.11=py313haa95532_1
  - pyparsing=3.2.0=py313haa95532_0
  - pyqt=5.15.10=py313h5da7b33_1
  - pyqt5-sip=12.13.0=py313h827c3e9_1
  - python=3.13.7=h260b955_100_cp313
  - python-dateutil=2.9.0post0=py313haa95532_2
  - python_abi=3.13=1_cp313
  - qt-main=5.15.2=h19c9488_12
  - scipy=1.16.1=py313hbd6d557_0
  - setuptools=72.1.0=py313haa95532_0
  - sip=6.7.12=py313h5da7b33_1
  - six=1.17.0=py313haa95532_0
  - sqlite=3.50.2=hda9a48d_1
  - tbb=2022.0.0=h214f63a_0
  - tbb-devel=2022.0.0=h214f63a_0
  - tk=8.6.15=hf199647_0
  - tornado=6.5.1=py313h827c3e9_0
  - tzdata=2025b=h04d1e81_0
  - ucrt=10.0.22621.0=haa95532_0
  - vc=14.42=haa95532_5
  - vc14_runtime=14.44.35208=h4927774_10
  - vs2015_runtime=14.44.35208=ha6b5a95_10
  - wheel=0.45.1=py313haa95532_0
  - xz=5.6.4=h4754444_1
  - zlib=1.3.1=h02ab6af_0
  - zstd=1.5.7=h56299aa_0
prefix: C:\Users\ashtha\AppData\Local\anaconda3\envs\46W38
